0000000000000000
1000101001001110
1010100100001011
0010110101101010
0010100100000010
0110000100010000
0010100100000010
0110000100010000
0010100100000010
0110000100010000
0010100100000010
0110000100010000
0010100100000010
0110000100010000
0010100100000010
0110000100010000
0010100100000010
0110000100010000
0010100100000010
0110000100010000
0010100100000010
0110000100010000
0010100100000010
0110000100010000
0010100100000010
0110000100010000
0010100100000010
0110000100010000
0010100100000010
0110000100010000
0010100100000010
0110000100010000
0010100100000010
0110000100010000
0010100100000010
0110000100010000
0010100100000010
0110000100010000
0010100100000010
0110000100010000
0010100100000010
0110000100010000
0010100100000010
0110000100010000
0010100100000010
0110000100010000
0010100100000010
0110000100010000
0010100100000010
0110000100010000
0010100100000010
0110000100010000
0010100100000010
0110000100010000
0010100100000010
0110000100010000
0010100100000010
0110000100010000
0010100100000010
0110000100010000
0010100100000010
0110000100010000
0010100100000010
0110000100010000
0010100100000010
0110000100010000
0010100100000010
0110000100010000
0010100100000010
0110000100010000
0010100100000010
0110000100010000
0010100100000010
0110000100010000
0010100100000010
0110000100010000
0010100100000010
0110000100010000
0010100100000010
0110000100010000
0010100100000010
0110000100010000
0010100100000010
0110000100010000
0010100100000010
0110000100010000
0010100100000010
0110000100010000
0010100100000010
0110000100010000
0010100100000010
0110000100010000
0010100100000010
0110000100010000
