0000000000000000
1010101001100001
1010101011101001
1010101000100000
0000001001010101
0010001001010000
0000011100100010
0101011100000000
0101010100100000
0000010100100010
0010001001110000
0000000001110101
0000001001010101
0010001001010000
0000011100100010
0101011100000000
0101010100100000
0000010100100010
0010001001110000
0000000001110101
0000001001010101
0010001001010000
0000011100100010
0101011100000000
0101010100100000
0000010100100010
0010001001110000
0000000001110101
0000001001010101
0010001001010000
0000011100100010
0101011100000000
0101010100100000
0000010100100010
0010001001110000
0000000001110101
0000001001010101
0010001001010000
0000011100100010
0101011100000000
0101010100100000
0000010100100010
0010001001110000
0000000001110101
0000001001010101
0010001001010000
0000011100100010
0101011100000000
0101010100100000
0000010100100010
0010001001110000
0000000001110101
0000001001010101
0010001001010000
0000011100100010
0101011100000000
0101010100100000
0000010100100010
0010001001110000
0000000001110101
0000001001010101
0010001001010000
0000011100100010
0101011100000000
0101010100100000
0000010100100010
0010001001110000
0000000001110101
0000001001010101
0010001001010000
0000011100100010
0101011100000000
0101010100100000
0000010100100010
0010001001110000
0000000001110101
0000001001010101
0010001001010000
0000011100100010
0101011100000000
0101010100100000
0000010100100010
0010001001110000
0000000001110101
0000001001010101
0010001001010000
0000011100100010
0101011100000000
0101010100100000
0000010100100010
0010001001110000
0000000001110101
0000001001010101
0010001001010000
0000011100100010
0101011100000000
0101010100100000
0000010100100010
0010001001110000
0000000001110101
